0 5 1
0 7 1
0 63 1
0 66 1
0 99 1
0 159 1
0 167 1
0 171 1
1 1 3
1 2 5
1 3 8
1 4 4
1 5 105
1 6 4
1 7 143
1 8 4
1 9 38
1 10 2
1 12 5
1 13 6
1 14 4
1 15 4
1 16 2
1 17 2
1 18 1
1 19 3
1 20 1
1 21 5
1 23 1
1 25 4
1 26 3
1 27 11
1 28 9
1 29 12
1 30 9
1 31 4
1 32 3
1 33 7
1 34 6
1 35 5
1 36 8
1 37 5
1 38 3
1 39 5
1 40 6
1 41 6
1 42 6
1 43 8
1 44 6
1 45 31
1 46 1
1 48 2
1 49 1
1 50 4
1 51 3
1 52 2
1 53 1
1 54 2
1 55 2
1 56 2
1 57 4
1 58 7
1 59 109
1 60 6
1 61 7
1 62 18
1 63 144
1 64 6
1 65 14
1 66 137
1 67 24
1 68 5
1 69 15
1 70 43
1 71 5
1 72 7
1 73 12
1 74 7
1 75 12
1 76 9
1 77 11
1 78 11
1 79 5
1 80 9
1 81 9
1 82 9
1 83 5
1 84 12
1 85 9
1 86 5
1 87 5
1 88 6
1 89 8
1 90 4
1 92 3
1 93 7
1 94 2
1 95 3
1 96 8
1 97 8
1 98 7
1 99 143
1 100 4
1 101 4
1 102 3
1 103 1
1 104 1
1 105 2
1 106 2
1 107 2
1 108 3
1 109 4
1 110 6
1 111 3
1 112 1
1 113 6
1 114 13
1 115 11
1 116 11
1 117 7
1 118 8
1 119 4
1 120 2
1 121 7
1 122 8
1 123 7
1 124 2
1 125 3
1 126 4
1 127 3
1 128 4
1 129 4
1 130 5
1 131 5
1 132 3
1 133 8
1 134 1
1 135 3
1 136 3
1 137 1
1 138 2
1 139 4
1 140 7
1 141 11
1 142 7
1 143 6
1 144 7
1 145 15
1 146 14
1 147 6
1 148 6
1 149 7
1 150 8
1 151 6
1 152 5
1 153 3
1 154 16
1 155 18
1 156 8
1 157 8
1 158 20
1 159 148
1 160 2
1 161 1
1 162 1
1 163 80
1 164 14
1 165 2
1 166 4
1 167 120
1 168 7
1 169 5
1 170 12
1 171 111
1 172 4
1 173 2
1 174 5
1 175 5
1 176 5
1 177 5
1 178 3
1 179 4
1 180 5
1 181 6
1 182 4
1 183 6
1 184 7
1 185 7
1 186 5
1 187 4
1 188 3
1 189 3
1 190 3
1 191 3
1 192 1
1 193 3
1 194 4
1 195 4
1 196 4
1 197 5
1 198 4
1 199 3
1 200 2
1 201 7
1 202 6
1 203 3
1 204 5
1 205 4
1 206 4
1 207 2
1 208 2
1 209 2
1 210 2
1 211 2
1 213 2
1 214 4
1 215 3
1 216 3
1 217 4
1 218 3
1 219 4
1 220 1
1 221 4
1 222 3
1 223 3
1 224 2
1 225 2
1 226 6
1 227 5
1 228 3
1 229 4
1 230 3
1 231 3
1 232 4
1 233 4
1 234 5
1 235 5
1 236 4
1 237 1
1 238 2
1 239 1
1 241 1
1 242 1
1 243 2
1 244 3
1 245 3
1 246 4
1 247 2
1 248 1
1 249 5
1 250 3
1 251 2
1 252 1
1 253 3
1 254 3
1 255 5
1 256 2
1 257 2
1 258 1
1 259 2
1 260 2
1 261 2
1 262 5
1 263 5
1 264 3
1 266 2
1 267 1
1 268 1
1 269 1
1 270 3
1 271 2
1 272 2
1 273 2
1 274 4
1 275 1
1 276 1
2 1 2
2 2 1
2 3 8
2 4 1
2 5 2
2 6 3
2 7 118
2 8 6
2 9 112
2 10 4
2 11 6
2 12 5
2 13 6
2 14 8
2 15 5
2 16 1
2 17 5
2 18 4
2 19 5
2 20 6
2 21 9
2 22 7
2 23 3
2 24 9
2 25 2
2 26 2
2 27 5
2 28 6
2 29 8
2 30 4
2 31 7
2 32 6
2 33 7
2 34 7
2 35 8
2 36 8
2 37 4
2 38 4
2 39 5
2 40 3
2 41 2
2 42 2
2 43 4
2 44 5
2 45 111
2 46 5
2 47 2
2 48 4
2 49 3
2 51 2
2 53 1
2 54 2
2 55 2
2 56 3
2 57 3
2 58 4
2 59 4
2 60 1
2 61 5
2 62 7
2 63 120
2 64 8
2 65 12
2 66 147
2 67 114
2 68 9
2 69 14
2 70 132
2 71 13
2 72 17
2 73 23
2 74 12
2 75 17
2 76 15
2 77 10
2 78 6
2 79 6
2 80 7
2 81 6
2 82 10
2 83 8
2 84 9
2 85 9
2 86 6
2 87 8
2 88 6
2 89 7
2 90 5
2 91 5
2 92 5
2 93 6
2 94 6
2 95 4
2 96 10
2 97 22
2 98 10
2 99 144
2 100 9
2 101 6
2 102 6
2 103 7
2 104 6
2 105 2
2 106 5
2 107 3
2 108 6
2 109 5
2 110 5
2 111 7
2 112 3
2 113 9
2 114 18
2 115 11
2 116 13
2 117 7
2 118 11
2 119 7
2 120 3
2 121 6
2 122 4
2 123 6
2 124 6
2 125 6
2 126 3
2 127 5
2 128 5
2 129 5
2 130 3
2 131 4
2 132 3
2 133 4
2 134 2
2 135 2
2 136 2
2 137 4
2 138 5
2 139 4
2 140 2
2 141 6
2 142 8
2 143 7
2 144 9
2 145 13
2 146 14
2 147 18
2 148 9
2 149 5
2 150 8
2 151 16
2 152 9
2 153 5
2 154 21
2 155 27
2 156 25
2 157 11
2 158 18
2 159 141
2 160 3
2 161 4
2 162 3
2 163 19
2 164 1
2 165 2
2 166 3
2 167 4
2 168 2
2 169 4
2 170 4
2 171 6
2 172 5
2 173 5
2 174 7
2 175 7
2 176 10
2 177 7
2 178 7
2 179 4
2 180 4
2 181 5
2 182 5
2 183 4
2 184 4
2 185 7
2 186 7
2 187 8
2 188 7
2 189 5
2 190 1
2 191 4
2 192 5
2 193 1
2 194 3
2 195 2
2 196 4
2 197 6
2 198 8
2 199 6
2 200 7
2 201 5
2 202 8
2 203 4
2 204 8
2 205 6
2 206 8
2 207 7
2 208 8
2 209 10
2 210 3
2 211 1
2 212 4
2 213 5
2 214 5
2 215 3
2 216 3
2 217 3
2 218 1
2 219 2
2 220 3
2 221 2
2 222 1
2 223 2
2 224 4
2 225 4
2 226 3
2 227 5
2 228 3
2 229 5
2 230 5
2 231 6
2 232 8
2 233 4
2 234 3
2 235 4
2 236 4
2 237 3
2 238 5
2 239 3
2 240 3
2 241 3
2 242 4
2 243 4
2 244 7
2 245 6
2 246 6
2 247 3
2 248 2
2 249 3
2 250 4
2 251 3
2 252 3
2 253 1
2 254 2
2 255 4
2 256 6
2 257 6
2 258 6
2 259 5
2 260 5
2 261 4
2 262 2
2 263 3
2 264 3
2 266 3
2 267 3
2 268 3
2 273 2
2 274 3
3 1 2
3 2 2
3 3 4
3 4 4
3 5 1
3 6 6
3 7 3
3 8 7
3 9 16
3 10 3
3 11 4
3 12 5
3 13 9
3 14 8
3 15 7
3 16 5
3 17 8
3 18 7
3 19 9
3 20 7
3 21 9
3 22 6
3 23 2
3 24 2
3 25 3
3 26 5
3 27 9
3 28 9
3 29 10
3 30 10
3 31 8
3 32 3
3 33 3
3 34 2
3 35 7
3 36 7
3 37 9
3 38 9
3 39 9
3 40 5
3 41 9
3 42 5
3 43 6
3 44 5
3 45 8
3 46 8
3 47 5
3 48 5
3 49 6
3 50 4
3 51 8
3 52 1
3 53 4
3 54 3
3 55 3
3 56 2
3 57 2
3 58 2
3 59 4
3 60 7
3 61 4
3 62 5
3 63 9
3 64 4
3 65 16
3 66 137
3 67 11
3 68 13
3 69 13
3 70 133
3 71 14
3 72 21
3 73 29
3 74 16
3 75 20
3 76 19
3 77 14
3 78 9
3 79 5
3 80 5
3 81 4
3 82 7
3 83 7
3 84 6
3 85 7
3 86 5
3 87 6
3 88 7
3 89 4
3 90 4
3 91 2
3 92 5
3 93 3
3 94 7
3 95 8
3 96 10
3 97 58
3 98 6
3 99 121
3 100 7
3 101 4
3 102 2
3 103 3
3 104 1
3 105 3
3 106 2
3 107 4
3 108 5
3 109 4
3 110 4
3 111 6
3 112 5
3 113 7
3 114 60
3 115 7
3 116 9
3 117 4
3 118 3
3 119 5
3 120 3
3 121 8
3 122 8
3 123 7
3 124 5
3 125 4
3 126 4
3 127 6
3 128 5
3 129 3
3 130 3
3 131 2
3 133 3
3 134 2
3 135 4
3 136 2
3 137 3
3 138 5
3 139 7
3 140 9
3 141 12
3 142 10
3 143 8
3 144 10
3 145 23
3 146 22
3 147 17
3 148 8
3 149 8
3 150 11
3 151 12
3 152 45
3 153 8
3 154 16
3 155 91
3 156 115
3 157 4
3 158 9
3 159 124
3 160 4
3 161 1
3 162 2
3 163 10
3 164 5
3 165 6
3 166 6
3 167 7
3 168 4
3 169 4
3 170 6
3 171 5
3 172 5
3 173 5
3 174 4
3 175 4
3 176 5
3 177 4
3 178 4
3 179 5
3 180 3
3 181 6
3 182 2
3 183 3
3 184 3
3 185 3
3 186 3
3 187 3
3 188 5
3 189 4
3 190 2
3 191 4
3 192 5
3 193 5
3 194 5
3 195 2
3 196 3
3 197 3
3 198 3
3 199 3
3 200 5
3 201 4
3 202 4
3 203 3
3 204 4
3 205 5
3 206 5
3 207 5
3 208 6
3 209 6
3 210 6
3 211 2
3 212 3
3 213 1
3 214 1
3 215 3
3 217 3
3 218 3
3 219 8
3 220 6
3 221 2
3 222 7
3 223 3
3 224 5
3 225 3
3 226 5
3 227 4
3 228 5
3 229 7
3 230 8
3 231 6
3 232 8
3 233 4
3 234 7
3 235 3
3 236 1
3 238 3
3 239 4
3 240 2
3 241 5
3 242 6
3 243 7
3 244 10
3 245 6
3 246 4
3 247 3
3 248 3
3 249 3
3 251 3
3 252 2
3 253 4
3 254 2
3 255 6
3 256 4
3 257 2
3 258 1
3 259 3
3 260 4
3 261 2
3 262 4
3 263 3
3 264 3
3 265 1
3 266 1
3 268 2
3 269 1
3 271 1
3 272 1
3 273 2
3 274 3
4 1 4
4 2 4
4 3 7
4 4 4
4 5 2
4 6 6
4 7 2
4 8 11
4 9 9
4 10 6
4 11 3
4 12 4
4 13 7
4 14 6
4 15 4
4 16 5
4 17 8
4 18 8
4 19 7
4 20 6
4 21 4
4 22 5
4 23 4
4 24 6
4 25 6
4 26 4
4 27 11
4 28 7
4 29 7
4 30 10
4 31 4
4 32 3
4 33 2
4 34 2
4 35 1
4 36 4
4 37 3
4 38 5
4 39 3
4 40 1
4 41 1
4 43 3
4 44 2
4 45 3
4 46 3
4 47 2
4 48 5
4 49 3
4 50 5
4 51 4
4 52 2
4 53 3
4 54 3
4 55 4
4 56 1
4 57 2
4 58 3
4 59 4
4 60 4
4 61 1
4 62 5
4 63 3
4 64 1
4 65 31
4 66 99
4 67 5
4 68 9
4 69 35
4 70 61
4 71 6
4 72 20
4 73 41
4 74 15
4 75 20
4 76 24
4 77 24
4 78 16
4 79 11
4 80 15
4 81 5
4 82 9
4 83 4
4 84 11
4 85 6
4 86 2
4 87 7
4 88 5
4 89 5
4 90 2
4 91 1
4 92 4
4 93 5
4 94 5
4 95 7
4 96 10
4 97 25
4 98 4
4 99 11
4 100 2
4 101 3
4 102 4
4 103 4
4 104 6
4 105 8
4 106 8
4 107 6
4 108 5
4 109 4
4 110 3
4 111 3
4 112 2
4 113 5
4 114 16
4 115 13
4 116 16
4 117 4
4 118 3
4 119 6
4 120 3
4 121 7
4 122 11
4 123 12
4 124 3
4 125 1
4 126 2
4 127 3
4 128 3
4 129 4
4 130 2
4 131 2
4 132 1
4 133 4
4 135 1
4 136 2
4 137 3
4 138 8
4 139 6
4 140 4
4 141 10
4 142 12
4 143 14
4 144 14
4 145 21
4 146 30
4 147 32
4 148 9
4 149 5
4 150 5
4 151 17
4 152 17
4 153 4
4 154 10
4 155 60
4 156 23
4 157 5
4 158 3
4 159 18
4 160 4
4 161 2
4 162 3
4 163 15
4 164 5
4 165 5
4 166 5
4 167 4
4 168 6
4 169 6
4 170 3
4 171 5
4 172 5
4 173 7
4 174 3
4 175 3
4 176 6
4 177 4
4 178 5
4 179 4
4 180 4
4 181 3
4 182 2
4 183 1
4 184 4
4 185 4
4 186 3
4 187 5
4 188 7
4 189 5
4 190 7
4 191 8
4 192 6
4 193 3
4 194 3
4 195 4
4 196 1
4 197 2
4 198 3
4 199 5
4 200 4
4 202 4
4 203 4
4 204 5
4 205 3
4 206 2
4 207 3
4 208 8
4 209 9
4 210 5
4 211 1
4 212 3
4 213 6
4 214 3
4 215 3
4 216 4
4 217 4
4 218 3
4 219 6
4 220 3
4 221 1
4 222 1
4 223 2
4 224 2
4 225 1
4 226 3
4 227 4
4 228 3
4 229 7
4 230 7
4 231 6
4 232 7
4 233 6
4 234 6
4 235 5
4 236 5
4 237 4
4 238 2
4 239 2
4 240 3
4 241 5
4 242 5
4 243 3
4 244 6
4 245 6
4 246 3
4 247 3
4 248 5
4 249 5
4 250 3
4 251 2
4 252 3
4 253 3
4 254 4
4 255 4
4 256 4
4 257 3
4 258 1
4 259 1
4 260 2
4 261 2
4 262 2
4 263 4
4 264 5
4 265 4
4 266 7
4 267 3
4 268 5
4 269 4
4 270 3
4 271 1
4 273 2
4 274 4
4 275 1
5 1 3
5 2 4
5 3 7
5 4 7
5 5 3
5 6 6
5 7 2
5 8 6
5 9 4
5 10 4
5 11 5
5 12 6
5 13 5
5 14 11
5 15 6
5 16 6
5 17 8
5 18 4
5 19 8
5 20 6
5 21 11
5 22 8
5 23 4
5 24 4
5 25 4
5 26 2
5 27 11
5 28 11
5 29 15
5 30 11
5 31 7
5 32 3
5 33 1
5 34 2
5 35 7
5 36 7
5 37 9
5 38 11
5 39 10
5 40 7
5 41 6
5 42 8
5 43 11
5 44 8
5 45 8
5 46 5
5 47 2
5 48 3
5 49 3
5 50 3
5 51 3
5 52 2
5 53 5
5 54 7
5 55 8
5 56 5
5 57 5
5 58 9
5 59 9
5 60 5
5 61 3
5 62 9
5 63 6
5 64 5
5 65 11
5 66 15
5 67 4
5 68 10
5 69 32
5 70 84
5 71 11
5 72 21
5 73 123
5 74 17
5 75 18
5 76 23
5 77 40
5 78 13
5 79 10
5 80 19
5 81 15
5 82 11
5 83 6
5 84 17
5 85 3
5 86 5
5 87 8
5 88 7
5 89 6
5 90 5
5 91 4
5 92 4
5 93 8
5 94 7
5 95 7
5 96 14
5 97 72
5 98 9
5 99 13
5 100 3
5 101 4
5 102 10
5 103 8
5 104 4
5 105 7
5 106 8
5 107 8
5 108 5
5 109 5
5 110 8
5 111 9
5 112 5
5 113 12
5 114 30
5 115 13
5 116 21
5 117 6
5 118 6
5 119 6
5 120 7
5 121 11
5 122 10
5 123 16
5 124 8
5 125 5
5 126 4
5 127 5
5 128 10
5 129 7
5 130 5
5 131 6
5 132 3
5 133 12
5 134 3
5 135 4
5 136 5
5 137 2
5 138 4
5 139 9
5 140 7
5 141 12
5 142 11
5 143 12
5 144 14
5 145 27
5 146 40
5 147 46
5 148 7
5 149 8
5 150 14
5 151 20
5 152 58
5 153 7
5 154 11
5 155 115
5 156 50
5 157 1
5 158 3
5 159 20
5 160 4
5 161 2
5 162 2
5 163 3
5 164 4
5 165 5
5 166 2
5 167 6
5 168 6
5 169 5
5 170 5
5 171 9
5 172 5
5 173 5
5 174 6
5 175 2
5 176 4
5 177 8
5 178 7
5 179 7
5 180 9
5 181 7
5 182 5
5 183 4
5 184 5
5 185 5
5 186 8
5 187 4
5 188 7
5 189 9
5 190 6
5 191 8
5 192 10
5 193 8
5 194 10
5 195 6
5 196 8
5 197 8
5 198 8
5 199 4
5 200 8
5 201 9
5 202 8
5 203 6
5 204 5
5 205 2
5 206 2
5 207 3
5 208 5
5 209 6
5 210 6
5 211 5
5 212 4
5 213 2
5 214 1
5 215 5
5 216 8
5 217 8
5 218 6
5 219 8
5 220 7
5 221 6
5 222 8
5 223 7
5 224 7
5 225 3
5 226 6
5 227 8
5 228 6
5 229 9
5 230 9
5 231 5
5 232 10
5 233 7
5 234 8
5 235 8
5 236 5
5 237 4
5 238 12
5 239 8
5 240 7
5 241 8
5 242 6
5 243 8
5 244 8
5 245 5
5 246 2
5 247 7
5 248 6
5 249 6
5 250 4
5 251 2
5 252 2
5 253 3
5 254 6
5 255 4
5 256 5
5 257 5
5 258 3
5 259 3
5 260 1
5 261 2
5 262 1
5 263 6
5 264 5
5 265 4
5 266 3
5 267 4
5 268 1
5 269 1
5 270 6
5 271 3
5 272 1
5 273 4
5 274 5
5 275 2
5 276 1
6 1 6
6 2 5
6 3 9
6 4 8
6 5 3
6 6 8
6 7 5
6 8 6
6 9 2
6 11 3
6 12 6
6 13 9
6 14 10
6 15 6
6 16 2
6 17 5
6 18 4
6 19 5
6 20 6
6 21 4
6 22 4
6 25 3
6 26 3
6 27 17
6 28 14
6 29 17
6 30 18
6 31 8
6 32 6
6 33 3
6 34 4
6 35 4
6 36 3
6 37 4
6 38 6
6 39 5
6 40 5
6 41 6
6 42 6
6 43 8
6 44 9
6 45 5
6 46 5
6 47 4
6 48 7
6 49 4
6 50 2
6 51 4
6 52 3
6 53 5
6 54 4
6 55 5
6 56 2
6 57 3
6 58 4
6 59 11
6 60 9
6 61 4
6 62 7
6 63 10
6 64 7
6 65 7
6 66 38
6 67 7
6 68 5
6 69 89
6 70 96
6 71 6
6 72 17
6 73 146
6 74 34
6 75 14
6 76 31
6 77 49
6 78 9
6 79 8
6 80 24
6 81 15
6 82 12
6 83 10
6 84 26
6 85 13
6 86 10
6 87 7
6 88 7
6 89 5
6 90 4
6 91 3
6 92 5
6 93 5
6 94 3
6 95 8
6 96 8
6 97 91
6 98 6
6 99 29
6 100 4
6 101 4
6 102 5
6 103 6
6 104 2
6 105 5
6 106 4
6 107 6
6 108 9
6 109 6
6 110 6
6 111 6
6 112 3
6 113 7
6 114 32
6 115 14
6 116 26
6 117 5
6 118 10
6 119 8
6 120 3
6 121 6
6 122 11
6 123 19
6 124 10
6 125 7
6 126 5
6 127 3
6 128 7
6 129 5
6 130 6
6 131 6
6 132 3
6 133 8
6 134 5
6 135 5
6 136 9
6 137 7
6 138 8
6 139 8
6 140 8
6 141 19
6 142 20
6 143 25
6 144 17
6 145 30
6 146 48
6 147 127
6 148 10
6 149 7
6 150 9
6 151 15
6 152 33
6 153 4
6 154 8
6 155 19
6 156 18
6 157 3
6 158 1
6 159 5
6 160 4
6 161 4
6 162 2
6 163 5
6 164 5
6 165 8
6 166 8
6 167 7
6 168 3
6 169 3
6 170 7
6 171 3
6 172 8
6 173 8
6 174 7
6 175 5
6 176 7
6 177 10
6 178 9
6 179 11
6 180 10
6 181 7
6 182 5
6 183 8
6 184 5
6 185 4
6 186 7
6 187 7
6 188 9
6 189 9
6 190 5
6 191 4
6 192 4
6 193 3
6 194 3
6 195 3
6 196 4
6 197 3
6 198 2
6 199 3
6 200 5
6 201 4
6 202 8
6 203 4
6 204 7
6 205 3
6 206 4
6 207 5
6 208 7
6 209 7
6 210 4
6 211 1
6 212 1
6 213 3
6 214 2
6 215 4
6 216 4
6 217 4
6 218 6
6 219 6
6 220 6
6 221 8
6 222 10
6 223 8
6 224 8
6 225 7
6 226 8
6 227 3
6 228 4
6 229 8
6 230 6
6 231 2
6 232 2
6 233 5
6 234 10
6 235 6
6 236 6
6 237 5
6 238 3
6 239 3
6 241 4
6 242 5
6 243 6
6 244 6
6 245 5
6 246 5
6 247 3
6 248 4
6 249 4
6 250 2
6 251 1
6 252 1
6 253 7
6 254 7
6 255 5
6 256 2
6 257 3
6 258 5
6 259 2
6 260 8
6 261 10
6 262 6
6 263 8
6 264 5
6 265 2
6 266 4
6 267 3
6 268 1
6 269 3
6 270 1
6 274 5
6 275 3
7 1 3
7 2 4
7 3 10
7 4 11
7 6 11
7 7 8
7 8 13
7 9 6
7 10 7
7 11 4
7 12 6
7 13 6
7 14 10
7 15 3
7 16 3
7 17 10
7 18 5
7 19 11
7 20 8
7 21 7
7 22 8
7 23 4
7 24 6
7 25 7
7 26 3
7 27 21
7 28 11
7 29 23
7 30 24
7 31 17
7 32 9
7 33 8
7 34 6
7 35 4
7 36 8
7 37 11
7 38 8
7 39 4
7 40 12
7 41 8
7 42 13
7 43 13
7 44 10
7 45 11
7 46 10
7 47 6
7 48 8
7 49 4
7 50 6
7 51 8
7 52 6
7 53 5
7 54 6
7 55 7
7 56 2
7 57 3
7 58 7
7 59 11
7 60 8
7 61 5
7 62 7
7 63 12
7 64 4
7 65 6
7 66 7
7 67 4
7 68 5
7 69 3
7 70 6
7 71 10
7 72 17
7 73 137
7 74 18
7 75 15
7 76 40
7 77 147
7 78 10
7 79 14
7 80 37
7 81 20
7 82 5
7 83 6
7 84 32
7 85 11
7 86 15
7 87 13
7 88 15
7 89 14
7 90 11
7 91 10
7 92 12
7 93 8
7 94 5
7 95 9
7 96 4
7 97 90
7 98 4
7 99 4
7 100 4
7 101 3
7 102 1
7 103 4
7 104 3
7 105 5
7 106 8
7 107 6
7 108 5
7 109 4
7 110 5
7 111 3
7 112 4
7 113 8
7 114 42
7 115 19
7 116 71
7 117 10
7 118 18
7 119 12
7 120 6
7 121 10
7 122 10
7 123 28
7 124 11
7 125 10
7 126 6
7 127 8
7 128 4
7 129 8
7 130 10
7 131 8
7 132 7
7 133 15
7 134 5
7 135 4
7 136 3
7 137 6
7 138 6
7 139 3
7 140 4
7 141 15
7 142 23
7 143 31
7 144 12
7 145 27
7 146 88
7 147 168
7 148 9
7 149 6
7 150 47
7 151 13
7 152 113
7 153 5
7 154 6
7 155 35
7 156 29
7 157 4
7 158 6
7 159 4
7 160 1
7 161 5
7 162 4
7 163 4
7 164 3
7 165 4
7 166 8
7 167 5
7 168 6
7 169 7
7 170 8
7 171 10
7 172 8
7 173 10
7 174 10
7 175 4
7 176 8
7 177 7
7 178 4
7 179 4
7 180 4
7 181 5
7 182 8
7 183 7
7 184 6
7 185 8
7 186 10
7 187 9
7 188 9
7 189 12
7 190 12
7 191 10
7 192 11
7 193 6
7 194 3
7 195 5
7 196 6
7 197 5
7 198 4
7 199 1
7 200 3
7 201 5
7 202 14
7 203 10
7 204 9
7 205 6
7 206 10
7 207 5
7 208 9
7 209 8
7 210 7
7 211 5
7 212 6
7 213 5
7 214 3
7 215 3
7 216 5
7 217 6
7 218 7
7 219 7
7 220 5
7 221 6
7 222 5
7 223 5
7 224 7
7 225 3
7 226 9
7 227 7
7 228 7
7 229 6
7 230 6
7 231 7
7 232 5
7 233 11
7 234 13
7 235 12
7 236 6
7 237 9
7 238 10
7 239 8
7 240 3
7 241 6
7 242 6
7 243 5
7 244 6
7 245 6
7 246 4
7 247 5
7 248 6
7 249 7
7 250 6
7 251 9
7 252 3
7 253 7
7 254 7
7 255 8
7 256 7
7 257 5
7 258 3
7 259 4
7 260 4
7 261 3
7 262 3
7 263 4
7 264 4
7 265 4
7 266 5
7 267 4
7 268 6
7 269 3
7 270 5
7 271 4
7 272 3
7 273 5
7 274 6
7 275 1
7 276 1
8 1 7
8 2 6
8 3 10
8 4 11
8 5 6
8 6 13
8 7 6
8 8 15
8 9 8
8 10 11
8 11 10
8 12 10
8 13 7
8 14 16
8 15 7
8 16 5
8 17 13
8 18 9
8 19 13
8 20 17
8 21 18
8 22 13
8 23 14
8 24 8
8 25 9
8 26 3
8 27 18
8 28 12
8 29 18
8 30 14
8 31 14
8 32 7
8 33 7
8 34 6
8 35 7
8 36 12
8 37 12
8 38 12
8 39 12
8 40 11
8 41 5
8 42 11
8 43 14
8 44 19
8 45 15
8 46 13
8 47 10
8 48 9
8 49 8
8 50 4
8 51 9
8 52 6
8 53 4
8 54 8
8 55 6
8 56 2
8 57 4
8 58 11
8 59 15
8 60 8
8 61 9
8 62 9
8 63 9
8 64 6
8 65 8
8 66 5
8 67 5
8 68 7
8 69 5
8 70 7
8 71 8
8 72 41
8 73 112
8 74 16
8 75 14
8 76 114
8 77 142
8 78 13
8 79 19
8 80 65
8 81 37
8 82 13
8 83 14
8 84 69
8 85 11
8 86 7
8 87 9
8 88 9
8 89 7
8 90 7
8 91 8
8 92 10
8 93 15
8 94 9
8 95 11
8 96 9
8 97 6
8 98 6
8 99 4
8 100 6
8 101 5
8 102 4
8 103 7
8 104 6
8 105 11
8 106 13
8 107 16
8 108 6
8 109 5
8 110 8
8 111 13
8 112 9
8 113 12
8 114 14
8 115 17
8 116 33
8 117 10
8 118 14
8 119 10
8 120 10
8 121 13
8 122 13
8 123 40
8 124 12
8 125 7
8 126 7
8 127 8
8 128 8
8 129 10
8 130 13
8 131 12
8 132 11
8 133 11
8 134 6
8 135 7
8 136 7
8 137 7
8 138 7
8 139 6
8 140 5
8 141 11
8 142 29
8 143 138
8 144 14
8 145 20
8 146 134
8 147 145
8 148 12
8 149 7
8 150 5
8 151 8
8 152 11
8 153 7
8 154 8
8 155 11
8 156 9
8 157 9
8 158 5
8 159 3
8 160 5
8 161 6
8 162 3
8 163 3
8 164 3
8 165 8
8 166 4
8 167 4
8 168 5
8 169 8
8 170 11
8 171 11
8 172 5
8 173 9
8 174 7
8 175 8
8 176 11
8 177 11
8 178 13
8 179 14
8 180 14
8 181 8
8 182 3
8 183 5
8 184 8
8 185 7
8 186 6
8 187 9
8 188 9
8 189 9
8 190 8
8 191 6
8 192 5
8 193 7
8 194 8
8 195 10
8 196 10
8 197 8
8 198 7
8 199 6
8 200 8
8 201 10
8 202 13
8 203 15
8 204 18
8 205 8
8 206 7
8 207 8
8 208 14
8 209 15
8 210 12
8 211 9
8 212 8
8 213 5
8 214 2
8 215 5
8 216 9
8 217 16
8 218 12
8 219 12
8 220 9
8 221 4
8 222 6
8 223 9
8 224 7
8 225 7
8 226 11
8 227 8
8 228 16
8 229 15
8 230 17
8 231 15
8 232 17
8 233 15
8 234 12
8 235 9
8 236 10
8 237 5
8 238 11
8 239 7
8 240 10
8 241 14
8 242 7
8 243 5
8 244 6
8 245 5
8 246 6
8 247 5
8 248 6
8 249 5
8 250 6
8 251 7
8 252 5
8 253 7
8 254 12
8 255 11
8 256 10
8 257 10
8 258 7
8 259 4
8 260 9
8 261 9
8 262 10
8 263 10
8 264 9
8 265 5
8 266 7
8 267 2
8 268 5
8 269 2
8 270 4
8 271 3
8 272 2
8 273 6
8 274 8
8 275 3
8 276 1
9 0 1
9 1 7
9 2 11
9 3 16
9 4 17
9 5 4
9 6 15
9 7 12
9 8 23
9 9 15
9 10 17
9 11 7
9 12 13
9 13 17
9 14 26
9 15 14
9 16 7
9 17 20
9 18 14
9 19 26
9 20 19
9 21 22
9 22 7
9 23 15
9 24 15
9 25 15
9 26 3
9 27 22
9 28 18
9 29 30
9 30 33
9 31 13
9 32 10
9 33 14
9 34 15
9 35 13
9 36 13
9 37 10
9 38 20
9 39 19
9 40 10
9 41 11
9 42 8
9 43 12
9 44 13
9 45 16
9 46 13
9 47 8
9 48 18
9 49 8
9 50 7
9 51 14
9 52 11
9 53 11
9 54 13
9 55 13
9 56 4
9 57 8
9 58 12
9 59 19
9 60 9
9 61 11
9 62 12
9 63 17
9 64 5
9 65 7
9 66 14
9 67 4
9 68 3
9 69 6
9 70 8
9 71 5
9 72 10
9 73 16
9 74 23
9 75 16
9 76 21
9 77 133
9 78 23
9 79 13
9 80 130
9 81 124
9 82 12
9 83 11
9 84 129
9 85 17
9 86 12
9 87 19
9 88 12
9 89 13
9 90 8
9 91 9
9 92 9
9 93 19
9 94 19
9 95 59
9 96 19
9 97 25
9 98 6
9 99 6
9 100 6
9 101 7
9 102 9
9 103 12
9 104 7
9 105 10
9 106 9
9 107 11
9 108 8
9 109 9
9 110 7
9 111 10
9 112 8
9 113 17
9 114 25
9 115 16
9 116 129
9 117 26
9 118 33
9 119 33
9 120 19
9 121 24
9 122 11
9 123 127
9 124 60
9 125 15
9 126 9
9 127 14
9 128 9
9 129 18
9 130 13
9 131 12
9 132 14
9 133 19
9 134 9
9 135 9
9 136 11
9 137 9
9 138 14
9 139 12
9 140 5
9 141 14
9 142 51
9 143 127
9 144 12
9 145 12
9 146 128
9 147 130
9 148 14
9 149 9
9 150 10
9 151 17
9 152 15
9 153 10
9 154 13
9 155 10
9 156 10
9 157 9
9 158 9
9 159 12
9 160 9
9 161 11
9 162 10
9 163 9
9 164 9
9 165 7
9 166 6
9 167 7
9 168 3
9 169 10
9 170 12
9 171 14
9 172 10
9 173 10
9 174 10
9 175 9
9 176 7
9 177 14
9 178 12
9 179 11
9 180 10
9 181 13
9 182 7
9 183 11
9 184 8
9 185 14
9 186 13
9 187 12
9 188 11
9 189 7
9 190 7
9 191 10
9 192 8
9 193 6
9 194 8
9 195 4
9 196 7
9 197 10
9 198 9
9 199 5
9 200 7
9 201 7
9 202 13
9 203 9
9 204 21
9 205 12
9 206 15
9 207 13
9 208 17
9 209 19
9 210 18
9 211 17
9 212 19
9 213 16
9 214 11
9 215 13
9 216 11
9 217 16
9 218 16
9 219 22
9 220 16
9 221 11
9 222 16
9 223 13
9 224 16
9 225 13
9 226 11
9 227 15
9 228 13
9 229 16
9 230 20
9 231 18
9 232 20
9 233 16
9 234 21
9 235 16
9 236 12
9 237 9
9 238 8
9 239 10
9 240 7
9 241 15
9 242 6
9 243 13
9 244 10
9 245 5
9 246 7
9 247 10
9 248 10
9 249 10
9 250 9
9 251 10
9 252 7
9 253 11
9 254 10
9 255 12
9 256 12
9 257 12
9 258 9
9 259 8
9 260 10
9 261 12
9 262 15
9 263 12
9 264 13
9 265 8
9 266 12
9 267 7
9 268 7
9 269 4
9 270 5
9 271 2
9 272 7
9 273 11
9 274 10
9 275 3
9 276 3
